         4.1260
         3.6298
         2.7697
         3.1165
         3.8436
         3.5953
         4.2358
         4.5905
         4.3882
         4.4590
         4.9047
         4.4555
         4.0750
         3.8863
         3.4090
         4.2825
         4.4903
         4.0286
         4.5278
         4.0008
         4.2180
         3.8807
         4.5483
         4.4502
         4.5439
         4.5199
         3.6217
         3.7359
         3.9999
         3.4113
         4.9662
         4.7537
         4.4459
         4.1405
         4.1927
         4.0581
         3.5236
         4.0080
         4.5441
         4.7113
         4.5949
         4.4233
         4.0222
         3.7508
         3.7309
         3.6426
         3.9442
         3.9477
         3.6174
         3.6316
         3.7987
         4.2894
         3.6254
         4.3724
         4.8073
         4.6901
         4.1525
         4.0252
         4.1551
         4.0189
         4.4204
         4.1128
         4.9251
         5.1372
         4.4741
         4.4795
         4.0731
         4.3475
         3.5853
         4.3872
         4.2534
         4.7127
         4.2324
         3.9208
         3.4894
         3.5517
         3.9330
         4.0353
         3.8303
         3.6586
         3.2299
         3.5150
         3.8382
         4.2322
         4.5163
         4.8074
         4.3878
         4.8290
         3.8381
         4.0255
         4.6245
         4.8150
         3.9707
         4.7166
         4.6562
         4.6912
         3.8985
         4.5600
         4.4884
         4.2176
         3.9404
         3.6897
         4.0103
         3.6515
         3.7281
         3.1616
         3.2550
         3.3704
         3.2131
         2.7982
         3.1915
         3.5269
         3.5077
         4.2828
         3.9551
         4.5315
         4.7839
         4.9117
         5.2507
         4.9573
         4.3027
         4.8972
         4.5306
         5.0106
         5.1211
         5.2283
         4.8867
         4.3720
         4.8792
         4.2709
         4.2566
         4.4204
         3.8865
         4.3301
         4.1985
         3.8240
         3.4020
         3.6097
         2.8676
         2.7735
         3.4129
         3.0304
         2.6575
         3.1474
         3.9143
         3.8541
         4.3195
         4.5562
         4.4523
         5.0181
         4.1882
         3.8042
         4.2122
         5.4026
         5.1183
         5.7595
         5.0485
         4.9687
         4.0178
         4.1839
         4.1832
         4.3504
         4.1101
         4.3221
         4.5559
         4.3349
         3.5339
         2.9161
         3.3459
         2.9891
         2.4233
         2.3777
         2.8530
         2.6703
         3.2702
         3.3261
         3.8435
         3.9549
         4.1824
         4.5790
         4.0072
         4.6374
         4.2119
         4.3577
         4.6451
         5.0921
         6.0333
         4.9884
         5.1344
         4.0593
         4.4139
         4.0689
         3.7545
         4.3992
         4.5613
         4.9464
         3.8533
         3.6479
         3.4413
         3.6515
         2.7625
         2.5805
         2.6348
         2.4091
         2.9973
         3.2149
         3.6166
         4.2561
         4.0834
         4.0829
         4.2750
         4.2035
         3.8281
         4.5048
         4.6936
         4.6966
         5.2971
         5.3809
         5.7523
         5.2773
         4.7951
         4.0271
         4.6459
         3.7941
         3.8540
         4.1392
         4.3572
         3.7160
         3.5936
         3.7553
         4.2298
         3.0341
         2.0853
         2.0566
         2.0730
         3.2027
         4.1788
         4.3533
         5.0267
         4.7383
         3.5895
         3.6267
         4.0535
         4.0843
         3.9154
         4.1803
         4.6231
         4.6493
         5.3455
         5.6584
         5.1438
         4.9008
         4.4354
         3.7772
         3.8183
         3.8648
         4.0536
         3.3668
         4.0005
         4.4024
         4.0603
         3.9252
         3.0565
         2.3468
         2.1664
         2.2005
         3.2171
         3.9276
         4.6108
         4.7560
         3.5394
         3.5014
         3.8025
         3.5716
         3.4952
         3.4182
         3.6948
         4.3999
         4.4984
         4.9485
         6.1582
         5.9123
         5.2688
         4.4960
         4.2689
         4.2465
         3.8303
         4.2380
         4.1295
         4.5160
         4.2077
         4.2820
         3.5507
         3.3150
         3.0581
         2.2394
         2.4772
         3.5358
         3.5851
         3.9345
         3.0093
         3.4899
         4.1181
         3.7166
         3.1457
         3.1487
         3.5921
         3.1846
         4.2981
         4.3932
         5.2155
         5.3397
         5.9690
         5.1788
         4.5380
         3.6939
         4.2700
         4.3642
         4.6735
         4.9793
         4.3461
         4.4210
         4.2652
         3.6197
         3.2475
         2.3288
         2.2602
         2.1052
         2.9120
         2.9424
         2.4661
         2.4407
         3.7226
         3.2158
         3.2699
         3.3057
         3.0792
         3.2946
         3.3367
         4.1610
         4.6337
         5.1911
         4.9160
         4.8796
         4.6780
         3.9579
         3.9814
         5.1516
         5.3799
         5.4254
         5.3264
         5.0505
         4.4255
         4.0891
         3.8280
         3.6397
         2.9252
         2.7560
         2.5075
         2.5029
         3.3834
         2.9841
         2.7315
         3.4235
         3.3613
         3.6965
         3.6117
         3.5040
         3.7763
         4.3138
         3.5790
         4.6023
         4.7701
         4.5144
         4.7611
         4.5968
         4.7577
         3.7388
         4.5938
         5.3317
         5.3659
         5.7537
         5.2413
         4.6003
         4.4784
         3.9781
         3.5379
         3.2937
         3.2991
         2.7019
         3.7513
         3.8056
         3.2656
         3.7940
         3.6094
         3.3435
         3.6426
         3.5279
         4.1167
         4.0874
         3.4485
         3.4695
         4.4097
         4.2969
         4.3335
         3.9556
         3.7999
         4.4157
         4.5762
         4.2507
         5.0951
         5.7469
         5.5245
         4.6686
         4.3721
         4.0583
         4.1248
         4.5522
         4.3721
         4.2811
         3.4482
         3.3692
         3.5624
         3.3419
         3.5821
         3.8070
         3.6023
         3.2377
         3.6493
         3.8092
         4.3400
         3.3107
         3.5193
         3.4303
         4.0475
         3.5733
         4.0068
         3.7572
         4.4016
         4.0503
         4.5475
         4.5313
         5.2643
         4.6277
         4.6089
         4.2372
         3.7983
         4.5907
         4.2661
         4.3537
         2.9126
         3.2840
         4.2246
         3.4008
         3.5954
         3.9083
         3.7343
         3.6031
         3.0600
         3.2590
         3.7790
         3.8354
         3.7503
         3.4783
         3.0189
         3.2268
         3.1384
         4.4695
         4.1275
         5.0512
         4.4507
         4.8272
         4.6368
         4.4265
         4.5741
         4.1513
         3.8652
         3.7650
         4.2754
         3.9309
         1.8636
         2.8073
         2.9924
         3.6996
         3.8947
         4.1224
         4.1514
         3.9339
         3.8231
         3.6709
         3.2040
         3.9144
         4.2343
         4.1995
         3.5922
         2.5884
         3.0306
         3.1864
         3.9819
         4.1860
         5.0353
         4.8508
         5.1913
         4.4063
         4.4101
         4.5891
         4.2318
         3.9820
         3.7496
         3.8205
         2.9172
         3.1087
         2.3170
         2.5686
         3.2276
         3.0682
         3.6012
         4.0157
         3.6504
         4.0925
         4.0489
         3.6530
         3.3238
         3.5071
         3.9746
         3.4403
         2.9449
         3.3836
         3.5153
         3.4794
         4.1982
         4.5531
         5.1032
         5.4169
         5.6896
         5.1280
         5.0287
         4.5455
         4.1405
         4.2639
         3.4079
         3.5141
         3.1443
         3.4390
         2.7087
         3.1186
         2.5244
         3.6740
         3.7823
         4.3255
         4.7316
         4.1638
         3.5265
         3.8276
         3.8114
         3.8406
         3.5817
         3.4548
         3.4064
         3.5304
         3.8804
         3.7121
         4.1211
         4.3589
         5.4623
         6.3601
         5.9060
         5.6925
         4.3672
         4.2802
         3.6224
         3.4611
         3.3182
         3.4238
         2.6530
         3.0682
         3.1515
         2.6758
         3.1035
         3.2397
         3.5516
         4.0741
         4.4367
         3.8819
         4.0081
         2.8536
         2.7463
         3.5181
         2.8677
         3.0761
         3.7472
         3.5902
         2.9226
         4.3448
         4.4991
         5.5696
         6.8634
         6.4291
         6.0055
         5.5983
         3.2871
         3.6097
         3.8528
         3.7027
         3.6953
         3.6608
         3.7000
         3.4538
         3.8030
         2.6721
         2.4155
         3.1660
         3.3963
         3.7785
         4.1036
         3.5002
         2.9955
         2.5291
         2.6487
         2.5127
         2.6299
         3.0214
         3.3183
         4.0643
         4.3290
         5.0286
         5.8551
         6.0153
         6.6091
         6.4976
         3.5274
         3.2145
         3.0803
         3.6883
         3.9760
         4.1968
         4.0556
         4.3693
         4.4105
         4.3893
         3.8879
         2.8868
         3.1818
         3.5225
         3.9527
         4.0177
         3.8153
         3.3337
         2.9145
         3.0289
         2.6563
         2.7796
         3.0151
         3.4958
         4.1084
         4.4864
         4.9119
         5.2362
         5.9926
         6.9418
         3.6983
         4.0286
         4.0390
         3.4054
         3.7547
         3.9336
         4.2513
         5.3997
         4.4626
         4.2976
         4.5690
         4.3737
         3.5652
         3.3082
         4.1772
         4.0082
         3.6654
         2.9429
         2.6245
         3.3260
         3.2532
         3.1519
         2.7539
         3.3206
         4.0918
         3.9855
         4.2704
         4.5011
         4.3939
         5.3466
         3.6987
         4.3077
         4.3575
         3.6210
         4.1407
         4.5934
         4.6921
         5.2025
         5.2841
         5.0713
         4.6322
         4.7215
         4.2454
         4.1488
         4.2230
         4.0636
         4.5074
         3.4580
         3.1329
         2.2768
         3.0814
         3.0980
         2.7505
         3.5653
         2.5681
         3.8838
         4.6020
         4.2136
         4.2389
         4.4513
         3.1869
         3.2945
         3.4294
         3.6868
         4.2167
         4.4555
         4.7660
         4.7357
         5.1790
         5.6413
         5.8318
         5.7324
         5.5713
         5.0070
         4.4976
         3.8158
         4.3953
         4.1426
         3.7889
         3.1206
         3.2007
         2.5543
         2.4129
         2.8642
         2.9776
         3.6251
         3.4108
         4.3552
         4.4040
         4.0024
         2.7837
         3.0223
         3.7682
         3.9401
         4.4796
         4.5961
         4.6346
         4.9556
         4.8766
         4.8944
         5.3205
         6.5446
         6.1045
         5.0049
         5.1151
         5.4823
         4.9557
         4.2789
         3.3309
         3.7051
         3.6857
         2.9504
         3.2014
         2.9420
         2.5325
         3.0872
         4.0032
         3.5663
         4.5482
         4.6954
         3.4718
         2.7544
         2.8999
         3.4259
         3.7107
         4.1508
         4.5475
         4.7746
         4.5201
         4.7955
         4.3149
         4.8846
         6.1634
         5.7023
         5.6615
         5.9010
         5.6137
         5.3460
         4.4540
         3.2247
         3.7028
         3.6950
         3.7115
         2.8935
         3.4753
         3.4861
         3.9044
         3.5004
         3.7236
         4.2676
         2.6024
         2.8748
         2.7258
         2.9634
         3.0834
         2.8240
         3.8594
         4.1633
         3.7981
         3.9915
         3.8616
         4.0973
         4.4402
         5.2970
         5.8406
         5.9048
         6.5815
         6.5853
         5.2494
         4.4789
         3.8065
         3.4630
         3.1015
         3.0189
         3.6333
         4.1146
         4.4059
         4.2007
         4.1479
         3.8200
         2.1689
         2.5591
         2.0928
         2.1113
         2.4273
         3.1881
         3.1862
         3.7759
         3.8927
         3.7183
         3.8228
         3.8959
         4.1542
         4.6387
         5.4142
         5.4160
         5.9177
         6.2220
         6.1020
         5.3250
         4.5151
         3.6965
         4.0969
         3.6835
         2.9979
         3.8413
         4.3371
         4.0778
         3.8595
         4.1485
         1.2241
         0.4817
         1.2589
         1.3093
         1.7238
         1.8647
         2.0670
         3.3839
         3.2645
         3.1029
         2.9476
         3.0305
         3.2465
         4.2147
         4.9228
         5.8948
         5.7457
         5.5698
         5.6707
         5.4327
         5.2037
         4.5241
         4.2251
         4.2202
         3.3827
         3.8654
         3.5504
         3.6955
         4.1518
         3.6282
         4.9222
         3.7046
         4.0820
         2.6018
         2.8791
         2.0899
         1.9957
         2.1932
         2.5593
         3.8564
         4.1414
         5.2140
         5.8156
         3.8254
         3.3316
         3.5825
         3.1881
         2.9402
         1.7558
         3.0677
         3.3862
         3.9335
         3.3111
         3.6770
         4.7119
         6.5228
         6.4924
         5.2035
         4.7361
         4.4985
         5.0126
         4.3335
         3.9950
         3.8583
         2.3811
         2.2244
         2.1065
         1.5389
         2.4299
         2.6939
         3.9414
         4.9862
         5.9016
         4.8968
         3.9746
         4.1367
         3.6869
         2.5125
         1.8481
         2.0792
         3.1252
         3.3076
         3.1830
         3.3829
         4.0205
         6.1291
         6.9264
         5.9977
         5.0143
         4.1654
         5.4824
         4.7779
         3.8589
         3.3321
         2.8558
         3.0065
         2.1838
         1.8765
         1.8546
         2.5610
         4.0155
         4.7777
         6.5077
         5.7261
         4.4895
         4.6680
         4.6068
         2.8823
         1.5874
         1.5635
         2.1736
         3.1665
         2.9990
         3.1456
         3.6646
         4.7658
         5.6325
         6.3084
         5.6856
         4.0973
         5.0091
         4.5869
         3.9895
         3.8091
         3.2270
         2.8992
         2.8114
         2.2943
         2.3254
         2.3795
         3.9412
         4.9076
         5.8610
         5.6308
         5.5125
         5.4873
         5.2243
         3.7522
         2.6281
         1.0797
         1.4187
         2.7035
         3.2215
         3.1629
         3.6320
         3.9907
         4.9297
         5.7963
         5.7357
         5.1102
         5.0858
         5.3796
         4.1552
         4.4439
         3.2526
         2.9151
         3.3289
         2.7488
         2.4699
         2.0562
         3.5850
         4.7852
         5.5728
         5.7806
         5.7642
         5.8524
         5.1898
         4.0778
         3.2841
         2.0277
         1.1675
         1.4778
         2.4149
         2.7600
         4.1720
         4.0472
         4.5856
         5.6078
         6.1702
         4.6925
         5.3783
         5.5148
         4.3667
         4.5141
         3.3317
         2.1500
         2.3201
         3.1283
         2.9921
         2.8408
         3.0012
         4.8616
         5.9592
         5.4612
         6.4338
         5.9368
         5.7967
         4.9973
         3.9337
         2.3652
         1.2300
         1.3679
         1.6531
         2.5089
         2.5827
         4.2240
         4.4235
         5.1486
         5.6292
         5.2569
         5.4056
         5.1146
         4.6672
         4.4276
         4.4308
         2.3982
         2.0845
         2.7418
         2.9778
         2.6832
         2.4335
         3.8644
         5.0488
         5.3014
         5.6430
         5.9983
         5.7989
         5.6337
         4.2048
         3.2076
         2.0044
         1.9431
         1.2579
         1.9786
         2.2404
         3.3764
         3.9197
         5.0340
         5.5011
         4.8905
         5.5203
         5.7854
         5.1245
         4.6967
         3.9807
         2.9174
         2.0516
         2.6236
         2.6711
         2.5587
         2.4086
         3.8287
         4.7561
         5.1475
         5.9641
         5.8032
         6.1766
         5.1153
         4.8693
         3.5806
         2.3922
         1.5284
         1.2832
         1.6678
         1.6792
         2.6342
         3.6773
         3.8099
         5.0707
         5.0065
         5.1674
         5.2354
         5.5715
         4.6607
         3.8985
         2.8491
         2.6264
         2.0130
         1.8892
         2.1853
         2.5057
         3.4904
         3.9007
         5.2273
         6.1932
         6.2486
         5.4929
         5.1802
         4.8275
         4.1475
         2.9615
         2.0162
         0.7352
         1.3120
         1.7409
         2.2828
         2.4515
         3.8794
         4.9891
         4.9797
         4.0608
         4.9131
         4.9939
         4.8232
         3.8597
         3.8284
         3.7442
         2.1166
         2.0683
         2.4807
         2.0676
         2.7758
         4.3562
         5.3879
         6.7087
         6.1684
         5.9806
         6.0664
         5.2655
         4.6155
         3.7812
         3.2945
         1.7498
         1.3102
         1.6331
         2.3887
         2.5930
         2.7860
         4.0732
         4.2333
         4.0757
         3.6148
         4.1524
         5.2157
         4.3892
         4.0613
         4.2308
         3.4146
         2.1563
         1.9761
         2.3508
         2.6849
         3.6640
         4.5658
         6.1405
         6.1154
         5.9551
         5.3850
         5.0230
         4.7846
         4.1788
         3.5447
         2.2482
         1.2184
         1.8241
         1.6207
         2.5625
         2.4419
         3.3684
         3.3934
         4.3095
         4.2297
         3.7778
         4.0192
         4.3414
         4.0888
         3.8552
         4.6585
         2.8361
         2.3938
         2.6682
         2.5179
         2.7924
         3.8330
         4.9472
         6.0261
         6.3071
         5.8581
         5.3620
         4.9275
         4.5280
         3.5757
         3.2506
         2.6421
         2.5015
         2.3054
         1.6420
         2.5913
         2.8407
         3.0283
         5.1872
         4.5755
         2.9205
         3.0111
         3.6219
         4.3490
         4.0883
         4.4504
         4.1465
         2.6139
         2.3013
         2.6116
         2.4040
         2.9361
         4.4723
         5.1788
         6.0239
         6.5389
         6.4306
         5.5547
         4.6579
         4.4291
         3.0029
         2.7692
         3.0044
         2.9390
         2.0443
         2.3180
         2.6649
         2.9354
         4.8413
         5.0396
         3.4252
         2.6823
         3.0466
         3.9031
         4.1890
         4.2032
         4.2852
         3.5926
         2.2612
         1.7768
         1.9063
         2.4480
         3.5809
         4.8613
         5.0346
         6.1074
         6.0803
         5.9132
         4.8792
         3.6117
         3.2354
         3.2272
         3.6697
         3.1248
         2.6592
         2.1600
         2.5649
         2.7076
         4.3537
         4.6962
         2.7838
         2.6452
         2.4843
         3.2338
         4.0865
         4.5464
         3.6381
         3.3360
         2.6237
         2.1200
         2.3504
         2.4534
         2.7129
         3.4500
         4.4200
         4.9402
         5.5908
         5.5919
         5.4601
         4.0970
         3.6486
         3.7137
         4.4779
         3.9602
         3.1337
         2.9753
         2.6127
         2.9280
         3.6827
         4.3208
         3.7564
         2.8723
         2.5825
         2.8733
         3.8000
         3.7446
         4.2022
         3.7743
         2.9727
         2.4726
         1.9779
         2.4204
         2.5707
         2.7607
         4.3227
         4.0343
         5.0891
         5.0116
         5.1053
         4.8244
         3.7084
         4.4869
         4.8554
         4.7617
         4.1246
         3.7357
         3.6236
         3.2982
         3.0702
         4.0116
         4.9886
         3.2746
         3.0450
         2.9317
         2.6370
         3.0748
         3.2522
         3.1111
         3.3603
         2.7917
         2.4789
         2.1633
         2.4487
         3.5652
         4.1497
         3.9535
         4.3015
         5.1627
         4.9685
         5.3891
         4.0923
         3.9505
         4.6130
         4.8766
         5.0686
         4.4872
         4.4937
         3.5868
         3.2582
         3.5384
         3.8288
         3.4825
         2.4740
         2.9960
         2.7163
         2.7450
         3.1762
         3.5243
         2.8498
         2.2188
         2.6874
         2.3414
         1.9929
         2.8984
         3.8052
         3.8770
         3.7127
         4.6349
         4.5008
         4.8681
         5.2817
         4.3183
         4.8797
         4.7239
         4.9995
         5.1394
         3.8649
         4.2039
         3.2018
         3.2290
         3.3491
         3.2829
         3.4063
         2.8693
         2.9953
         2.7805
         3.3091
         3.3861
         3.0302
         2.2402
         2.6919
         1.9732
         1.5246
         2.5454
         4.0072
         4.6114
         3.6758
         3.8284
         4.3069
         4.2825
         5.6160
         4.7196
         4.5527
         5.2519
         5.2504
         5.5270
         4.7773
         3.8122
         3.3788
         3.3986
         2.8274
         2.9812
         3.4534
         3.1725
         2.7380
         2.2075
         2.5500
         3.0140
         2.9987
         2.5295
         1.7970
         2.5719
         1.5873
         2.3740
         3.8902
         4.5169
         4.6062
         3.5642
         4.1645
         4.6036
         5.2133
         6.2747
         4.9140
         4.5025
         5.0711
         5.1869
         4.8967
         3.7017
         2.9563
         3.4515
         3.2662
         2.9311
         3.2630
         3.0903
         3.1922
         3.0596
         2.2399
         2.8305
         2.8594
         2.4633
         2.3998
         2.3116
         1.7144
         1.9950
         3.2188
         3.7997
         4.4277
         4.3924
         3.6130
         3.9774
         5.0464
         5.1925
         4.9153
         4.3766
         4.9567
         4.8718
         4.7083
         4.9562
         3.1550
         3.1423
         2.7880
         2.5092
         2.9505
         3.1991
         3.0293
         3.4921
         2.3006
         2.3024
         2.4179
         2.7429
         2.8299
         2.5043
         2.1751
         1.8110
         2.7533
         3.7843
         4.1832
         3.9192
         4.6896
         3.8072
         4.5107
         4.5396
         5.4808
         4.8164
         4.4869
         4.4160
         4.6395
         4.4629
         3.6014
         3.9243
         2.8639
         2.6343
         3.1026
         2.7909
         2.8952
         3.2139
         2.7074
         1.9027
         2.4738
         2.4044
         3.7863
         2.2004
         2.5486
         1.5780
         2.4110
         3.3330
         3.1674
         3.5603
         4.3709
         4.2404
         4.3155
         4.7180
         4.7420
         3.7966
         4.2243
         4.5590
         4.1915
         4.1232
         4.7306
         3.8778
         4.2126
         3.6823
         2.0937
         2.3962
         2.6758
         2.3871
         3.0077
         2.7009
         1.7856
         2.1115
         2.8732
         3.0143
         2.4400
         2.4903
         2.7432
         3.1999
         3.6731
         3.2614
         3.6781
         4.3658
         4.4028
         4.9194
         4.8202
         4.9582
         4.1419
         4.3583
         4.0663
         4.6692
         4.5274
         3.4065
         3.5427
         3.7930
         3.2441
         2.0832
         2.7529
         2.7444
         2.1754
         3.3205
         1.8439
         1.9714
         2.4120
         3.1055
         3.3413
         3.0423
         1.9740
         3.0173
         3.6181
         3.4972
         3.7293
         4.7120
         3.8871
         4.2080
         4.8294
         5.0919
         4.2760
         4.3346
         4.3654
         4.6579
         4.9982
         3.9275
         3.4667
         4.0159
         3.6919
         3.1218
         2.8071
         2.3292
         1.5861
         2.5293
         2.4824
         1.7577
         1.5752
         2.2316
         2.5862
         2.7270
         2.6835
         2.9322
         3.9932
         3.6739
         2.9575
         3.7131
         3.2926
         3.5741
         4.8329
         5.0767
         4.8155
         4.2491
         4.2760
         4.3560
         5.0570
         4.7915
         3.8915
         5.1448
         4.0925
         3.5449
         3.3630
         2.9522
         1.7287
         1.9995
         2.3377
         1.8746
         1.8595
         1.8736
         2.3703
         2.6538
         2.6185
         2.7785
         3.2226
         3.8167
         3.2679
         2.8045
         3.1721
         3.4887
         3.7370
         4.2313
         4.3659
         4.3627
         4.2767
         4.2241
         5.0937
         5.2256
         4.8971
         4.9986
         4.4177
         4.3451
         3.9339
         3.0970
         2.4109
         1.8715
         2.2175
         2.1038
         1.3527
         1.7278
         2.0800
         2.7937
         2.8821
         2.2818
         2.6093
         3.8869
         2.9548
         3.3200
         3.0257
         3.5741
         3.1013
         3.9290
         3.6806
         4.3467
         4.0168
         4.6463
         4.9474
         4.8853
         5.4293
         5.3046
         4.5330
         4.7933
         4.5874
         3.9451
         2.5585
         2.4080
         2.0864
         2.3813
         1.8549
         1.5558
         2.4418
         2.6360
         2.0401
         2.1764
         2.4755
         3.7128
         3.7133
         3.8865
         3.2252
         2.5528
         3.2726
         4.2552
         3.4535
         3.4817
         4.7579
         5.0782
         3.6743
         5.0787
         5.3011
         5.6054
         5.3017
         4.7568
         4.8476
         5.0142
         3.4150
         2.0653
         2.4488
         2.4171
         1.5467
         1.2709
         2.6663
         3.2738
         1.8840
         2.3092
         2.2805
         2.6786
         3.6366
         3.9821
         3.8273
         2.1329
         3.4382
         3.6205
         3.5953
         3.5310
         4.0336
         4.1312
         2.0282
         1.8346
         2.7506
         3.4787
         3.9551
         3.9025
         3.7845
         3.2094
         3.4815
         3.5381
         3.2068
         3.6356
         3.8235
         4.5454
         4.3990
         4.2189
         4.8316
         4.6059
         4.5563
         4.2935
         4.5314
         4.1887
         4.2442
         3.6651
         3.9918
         3.8705
         4.1879
         4.2837
         4.3598
         4.7676
         2.3116
         2.0846
         2.9505
         3.1988
         3.6705
         3.9653
         3.3322
         3.4464
         3.2111
         3.3798
         3.5809
         3.4463
         4.5506
         4.5452
         5.0023
         4.6092
         5.2644
         5.2854
         4.2819
         4.1856
         4.0112
         4.0348
         4.1989
         4.0192
         3.8013
         4.3510
         4.5656
         4.2914
         4.2676
         5.8668
         2.2659
         1.5988
         2.7584
         3.3503
         2.9346
         3.4169
         3.6359
         3.9990
         3.2961
         3.5282
         3.7959
         4.3445
         3.9075
         4.5634
         4.6123
         5.2893
         4.8310
         4.6426
         4.1488
         4.1597
         4.3102
         4.3493
         4.4625
         4.3952
         4.4288
         4.4867
         4.9162
         4.4547
         5.2575
         5.4561
         1.6184
         2.1613
         2.9386
         3.2299
         3.2630
         3.2892
         3.9865
         3.5936
         3.7129
         4.1916
         4.1936
         4.0921
         4.2451
         5.0294
         5.2774
         4.7015
         4.2535
         4.1630
         4.0624
         3.7570
         4.4872
         4.1947
         4.1973
         4.4738
         4.3597
         4.4366
         4.4603
         4.5251
         5.4353
         5.1408
         2.2325
         2.5932
         3.1952
         2.7995
         3.1285
         3.2168
         3.7686
         3.7567
         3.7597
         4.1617
         4.4726
         4.3306
         4.3889
         4.3223
         4.5945
         3.9926
         4.4104
         3.5275
         3.5969
         4.6784
         4.3628
         3.5041
         4.4686
         4.5372
         4.4361
         4.8082
         4.6562
         4.4689
         5.2793
         4.6711
         2.3574
         3.4218
         3.4450
         3.3467
         3.6767
         3.7936
         3.5823
         4.2506
         4.4013
         4.4533
         4.5504
         4.5892
         4.1466
         4.6263
         3.7760
         3.9375
         3.8930
         3.1656
         3.9535
         4.6386
         3.9545
         3.6671
         4.8919
         4.8412
         4.6190
         4.3943
         4.8450
         4.9853
         5.4716
         5.0327
         2.7235
         3.1464
         3.7361
         4.3431
         4.0782
         4.0189
         3.9271
         4.6731
         5.0049
         4.3489
         4.3655
         4.4523
         4.1989
         3.8434
         3.6270
         3.8604
         3.7337
         2.6139
         4.0398
         4.4501
         3.3721
         4.1768
         4.9501
         4.7741
         4.3753
         4.8555
         5.4479
         5.5387
         5.3311
         4.6724
         2.8812
         2.8661
         4.1871
         4.5994
         4.3136
         3.6340
         4.5609
         5.3558
         4.3975
         4.7878
         3.8902
         3.3175
         3.4267
         3.2440
         3.6843
         3.0923
         2.8217
         3.4637
         3.7395
         4.0100
         3.6317
         4.3190
         4.0566
         4.5884
         4.3352
         5.0967
         5.2870
         4.8921
         4.3518
         3.4236
         3.0827
         3.9026
         4.6908
         4.6237
         3.9339
         4.3732
         4.9360
         4.9875
         4.4064
         3.6567
         3.4765
         3.1500
         3.0089
         3.3183
         3.6007
         3.1291
         2.7252
         3.2569
         3.8382
         2.8975
         4.3737
         4.3881
         4.2506
         4.2292
         4.6567
         4.8504
         4.9080
         4.6880
         4.0620
         3.7166
         4.1860
         4.9543
         4.7200
         4.4728
         3.5173
         3.8393
         4.4432
         4.6345
         4.2965
         4.0099
         3.3370
         3.1666
         3.3969
         3.6612
         3.5113
         2.9235
         2.5415
         3.3176
         3.3152
         4.4059
         4.6873
         4.1470
         4.3391
         4.9369
         4.6538
         4.0104
         3.9105
         3.9916
         4.0323
         4.3397
         4.3546
         4.5777
         3.8685
         4.0881
         3.8612
         4.1132
         4.8282
         4.4919
         4.2277
         3.2637
         3.1518
         2.8385
         3.0698
         3.5980
         3.8788
         2.4268
         2.3341
         2.8181
         3.4469
         3.9214
         4.1921
         4.0526
         4.1282
         5.1242
         3.7697
         3.4793
         4.3212
         3.6784
         3.8674
         4.2302
         4.3308
         4.3589
         3.6129
         4.0337
         3.7273
         4.5638
         4.8204
         4.1244
         4.2506
         3.9941
         3.2278
         3.0817
         3.3154
         2.8771
         3.1152
         2.3785
         2.4834
         3.0313
         3.9222
         3.2244
         4.1678
         3.9921
         4.9733
         4.3458
         3.6447
         4.2049
         4.2922
         3.8533
         3.9903
         4.1377
         3.7832
         4.3299
         4.0820
         4.4656
         4.2777
         4.4843
         4.4262
         4.1653
         3.9318
         3.6378
         2.6865
         2.8708
         3.5617
         3.0835
         3.1019
         2.6130
         2.8760
         3.0931
         3.5670
         4.2008
         4.2430
         5.1234
         4.6975
         3.8702
         4.0924
         3.4390
         4.0396
         3.6163
         4.2164
         3.5763
         3.9381
         3.8466
         4.3413
         4.3047
         4.0079
         3.9872
         4.3127
         4.3278
         4.0682
         3.7481
         3.5314
         3.7006
         3.1480
         3.4684
         2.9427
         2.4823
         2.3492
         3.5923
         3.9048
         4.6366
         4.4776
         4.7396
         4.7208
         4.2062
         3.7779
         3.7765
         3.4069
         4.0539
         4.1396
         3.1935
         3.7963
         3.7123
         3.9066
         4.3665
         3.7087
         4.4712
         3.7514
         4.3176
         3.4099
         3.7119
         3.4847
         3.1780
         3.4762
         3.2650
         3.1349
         2.8048
         3.3596
         3.6130
         3.9034
         4.5608
         4.8928
         4.6096
         4.0008
         4.0701
         3.8545
         3.4632
         4.0916
         4.0870
         3.6233
         2.8862
         3.5382
         4.0951
         4.0440
         4.2671
         4.1347
         3.9203
         4.3454
         4.1804
         3.6812
         3.6785
         2.6898
         3.5403
         3.7751
         2.5099
         3.8074
         2.9876
         3.2903
         3.3315
         4.3103
         4.4640
         4.3335
         4.1467
         3.6908
         3.8439
         3.8555
         3.8581
         4.4753
         3.6698
         3.3094
         3.0304
         3.4917
         3.5960
         4.0729
         4.3114
         4.0081
         4.3731
         5.0354
         3.9802
         4.3720
         2.8828
         3.1950
         3.6708
         3.4694
         3.2025
         3.7446
         2.9208
         3.0394
         3.5969
         3.8922
         4.2568
         4.6447
         4.1901
         3.7636
         4.0215
         3.8495
         4.1672
         3.6134
         3.5538
         3.5005
         3.4708
         3.2964
         3.0428
         4.4966
         4.8910
         4.8103
         5.0963
         5.0505
         3.7794
         3.7379
         3.6192
         3.0443
         3.3946
         3.1778
         3.4717
         3.1938
         2.6673
         3.5082
         3.5745
         4.5225
         5.4056
         5.0562
         4.3980
         3.8718
         3.7074
         4.5214
         4.3687
         4.0156
         3.6558
         3.8013
         3.1317
         3.2416
         3.8452
         4.0861
         4.9181
         4.6316
         4.2588
         4.5837
         4.2405
         4.2896
         3.3729
         3.3941
         3.2515
         3.3694
         2.6533
         2.5425
         3.1115
         3.3710
         4.3237
         4.7771
         4.8031
         4.6106
         4.4134
         4.3776
         4.1710
         4.4754
         4.7704
         4.1504
         4.2873
         3.7825
         2.7519
         3.3534
         4.1544
         4.3116
         4.3566
         4.5964
         4.5919
         4.0677
         4.6953
         4.1316
         3.5918
         3.4917
         3.4461
         2.9930
         2.6380
         2.6721
         3.1881
         3.8697
         3.9836
         4.4770
         4.7919
         4.8797
         4.3009
         4.6907
         4.7243
         4.3475
         4.4015
         4.3020
         3.7404
         3.1869
         2.7947
         3.6347
         4.7141
         4.1836
         4.2624
         4.2848
         4.5292
         4.2887
         4.0310
         4.3933
         3.6478
         3.9671
         3.3905
         2.3636
         2.9464
         3.2748
         3.4793
         3.9806
         4.3503
         4.3271
         4.9230
         4.2825
         4.2055
         3.9692
         4.6118
         3.7559
         4.2232
         4.0966
         3.1975
         2.9690
         3.2106
         3.9316
         4.1271
         3.3410
         3.4541
         4.0308
         4.1555
         4.2075
         3.6818
         3.6048
         3.4779
         3.6958
         2.9653
         2.6223
         3.3365
         2.8798
         3.6896
         4.0734
         4.2882
         4.3518
         4.2234
         4.4420
         4.2663
         4.2139
         4.1665
         3.7563
         3.8581
         3.7821
         3.2842
         2.8129
         4.2201
         4.2181
         3.5822
         3.5515
         3.7619
         4.1138
         4.5648
         4.2465
         3.9295
         2.9038
         3.5994
         3.2349
         2.6820
         2.7427
         3.4090
         3.2360
         3.6097
         3.9524
         4.2366
         4.0615
         4.1881
         4.1149
         3.9182
         3.7079
         3.6100
         3.9066
         4.0461
         3.9419
         3.6846
         3.3590
         4.0643
         3.2944
         3.4396
         3.9778
         4.0064
         4.1289
         3.8717
         4.0370
         3.3631
         3.6987
         3.3731
         3.3769
         3.1872
         3.1065
         2.9491
         3.2807
         3.6111
         4.1757
         4.0251
         4.3335
         4.5502
         4.0361
         3.7399
         3.8269
         3.5515
         3.3697
         4.0148
         3.5105
         3.6146
         3.8508
         4.0850
         3.5120
         3.7596
         4.0735
         4.5718
         4.5313
         3.6376
         4.1775
         3.9060
         3.6090
         3.6135
         3.4065
         3.5938
         3.5007
         3.1246
         3.4808
         3.5665
         3.9288
         4.1748
         4.5181
         4.5254
         3.7361
         3.4186
         3.8057
         3.6629
         3.6565
         3.0704
         3.7512
         3.9343
         3.8204
         3.8244
         3.0081
         3.5119
         4.1317
         4.1996
         4.5572
         3.9006
         4.2085
         3.7383
         3.4875
         3.3864
         3.3380
         3.8921
         3.4996
         3.4285
         3.6022
         4.0123
         4.1477
         4.1349
         4.6596
         4.3154
         3.9016
         3.4788
         3.5826
         3.8875
         3.3283
         3.4856
         4.0654
         4.2785
         4.0233
         4.5468
         3.2577
         3.7005
         3.9914
         4.3086
         4.0853
         4.6017
         3.8944
         3.9246
         3.5582
         3.1242
         3.3577
         3.6778
         3.0880
         3.5576
         4.1514
         4.0691
         4.6418
         4.3356
         4.2186
         4.1853
         3.9444
         3.2795
         3.7365
         3.8521
         3.3752
         3.9571
         4.1502
         4.2795
         3.7490
         4.5742
         3.5415
         4.1971
         4.2441
         4.2562
         4.6196
         4.4840
         3.6784
         3.9168
         3.1723
         3.4012
         3.1880
         3.2135
         3.5868
         3.5921
         3.8025
         4.6054
         4.7468
         4.1097
         3.9459
         3.7722
         3.6760
         3.3169
         3.8997
         4.0311
         3.6949
         4.7101
         4.4622
         4.5806
         4.2294
         4.5085
         4.3932
         4.6337
         4.4234
         3.9135
         4.4198
         3.7416
         4.1722
         4.2584
         3.4073
         3.6168
         3.4832
         3.6808
         3.9231
         4.0847
         4.5828
         5.2473
         4.6675
         3.8645
         3.9785
         3.6116
         3.5048
         4.2131
         4.0283
         3.7489
         4.3579
         4.4819
         4.8868
         4.6909
         4.3952
         4.9503
         4.1219
         4.5740
         3.8981
         3.8920
         3.7618
         3.7567
         4.7926
         4.1084
         3.2866
         3.8716
         3.8359
         4.0987
         4.4531
         4.5574
         4.6741
         4.9843
         3.9708
         3.8659
         4.2394
         3.7352
         3.7661
         4.2245
         3.9161
         3.5570
         4.7458
         4.9391
         5.1515
         4.9819
         4.5642
         4.9873
