         3.9480
         3.7650
         3.8121
         4.3330
         5.1063
         5.8327
         6.9110
         7.2987
         7.0534
         7.1184
         7.0930
         7.2840
         6.8897
         6.7168
         5.8898
         6.8882
         7.5801
         6.9551
         7.1291
         6.8814
         7.4823
         7.3391
         7.3984
         7.4111
         7.0689
         7.0753
         5.7669
         5.9441
         7.1243
         6.4893
         4.7999
         4.6102
         5.0740
         5.1271
         5.3404
         5.7839
         5.8588
         6.9468
         7.3319
         7.2990
         7.7133
         7.2481
         7.0633
         6.7615
         7.0400
         6.8624
         6.8628
         7.1268
         6.1465
         6.3618
         5.1266
         6.8958
         6.9279
         7.4790
         8.0148
         7.4401
         6.6402
         6.3362
         5.9954
         6.3480
         4.5323
         4.3162
         5.1756
         6.4340
         5.1056
         5.8250
         6.0157
         7.0383
         6.1318
         6.3903
         6.7051
         7.3750
         7.5423
         7.0958
         6.3920
         6.4579
         8.0127
         7.7195
         6.8854
         6.4698
         5.0603
         4.9832
         6.1560
         7.4420
         7.7177
         8.7088
         7.6129
         7.2872
         6.0782
         5.9308
         6.7216
         5.6762
         4.8435
         5.6873
         6.4056
         5.8282
         5.4167
         6.4767
         6.6694
         6.5027
         6.0581
         5.9397
         6.4438
         6.3203
         6.5128
         5.8277
         6.0195
         7.3576
         7.3232
         6.9417
         6.4944
         5.4654
         4.9739
         6.4134
         6.5277
         7.5350
         8.4942
         8.2385
         8.5228
         6.9577
         6.8886
         7.3183
         6.2081
         6.5376
         6.8638
         6.9643
         5.8776
         5.9735
         6.6357
         6.0531
         6.1636
         6.2703
         5.7998
         6.4714
         6.5464
         6.2094
         5.9307
         6.4271
         6.2278
         6.7524
         7.1935
         5.9743
         5.0067
         4.7065
         5.3987
         6.4320
         7.1667
         7.9930
         7.9583
         7.9614
         7.3581
         7.4413
         7.3743
         9.0718
         7.1651
         7.8779
         7.2877
         6.5492
         5.5664
         6.0801
         6.4508
         5.8639
         5.5754
         5.1182
         6.6017
         5.6145
         5.5955
         4.7797
         4.9455
         4.9263
         5.0893
         5.6274
         5.7948
         6.1184
         5.2332
         5.3926
         6.2509
         7.1341
         7.6102
         8.2676
         7.3470
         8.2579
         8.2358
         8.4478
         7.9050
         7.4604
         8.2576
         7.1144
         6.3663
         5.4383
         5.7451
         5.3343
         5.2371
         5.5800
         5.1567
         6.2666
         5.2617
         5.2373
         4.2408
         5.0511
         3.8934
         5.1138
         5.3655
         5.2942
         5.7765
         5.7906
         6.7060
         6.8892
         5.9075
         7.1286
         6.9824
         7.6121
         6.8947
         8.4036
         8.2108
         8.1614
         8.0630
         7.6163
         7.6011
         7.1845
         6.2053
         4.9804
         5.7327
         5.1077
         4.9186
         5.4473
         5.8257
         5.0216
         5.1384
         3.6451
         4.6681
         2.9783
         3.1544
         3.8917
         4.2636
         5.7487
         6.1742
         7.2209
         8.3708
         7.1260
         7.2180
         7.0712
         7.3635
         7.4177
         6.8631
         7.2269
         7.7514
         7.7376
         7.6032
         8.1317
         7.0324
         6.3174
         4.5938
         4.0472
         4.7032
         4.7622
         4.6980
         4.1025
         4.7536
         4.8682
         3.7888
         4.0999
         3.2712
         3.2779
         3.3001
         4.2847
         5.0420
         6.1554
         7.5869
         8.2561
         7.0737
         6.8409
         7.2079
         6.7142
         6.4057
         6.3038
         6.9285
         7.9444
         7.7239
         7.3613
         7.7973
         6.8396
         6.2273
         5.1394
         4.4356
         4.9416
         4.4077
         5.7999
         4.7186
         5.3137
         4.7441
         3.9442
         3.1919
         3.3189
         3.5966
         3.4645
         3.8624
         5.1366
         5.7437
         6.8387
         5.6880
         6.0967
         7.8050
         7.6935
         7.2493
         6.2250
         6.4363
         5.9144
         7.7811
         7.4145
         7.4326
         7.0840
         7.0587
         6.4446
         5.7341
         4.5587
         5.0196
         5.7944
         5.9647
         6.0299
         4.9533
         5.6825
         4.9537
         3.2030
         3.2958
         3.3177
         3.5907
         3.7655
         4.0024
         4.5386
         4.9134
         5.0074
         6.8354
         6.7341
         7.2932
         6.8430
         5.4204
         6.6943
         7.1216
         6.8334
         7.7143
         6.7094
         6.2998
         6.4869
         6.1757
         5.8767
         5.7643
         6.3364
         6.6383
         6.5633
         6.2528
         5.8674
         4.7334
         5.0940
         4.0672
         3.4332
         3.5313
         3.9079
         3.8484
         3.6112
         5.7082
         5.7140
         5.9257
         6.6521
         7.1384
         6.7704
         6.7651
         5.8389
         6.0262
         7.0478
         6.4619
         7.2706
         6.8326
         6.4856
         6.7763
         6.7480
         6.6258
         5.9395
         6.0129
         6.5162
         6.6485
         6.6638
         5.8823
         4.6307
         5.1795
         5.0680
         3.4938
         3.9530
         4.2258
         4.0360
         5.8105
         6.6359
         5.9025
         6.6937
         6.0202
         6.1922
         6.3341
         6.2451
         5.9487
         5.5291
         5.8565
         6.0556
         7.4779
         7.0126
         6.5948
         5.6595
         5.3629
         6.3228
         6.3932
         6.2084
         6.6859
         7.0411
         6.5955
         5.0569
         4.4733
         4.8302
         5.2204
         5.2912
         4.6733
         3.8916
         6.2045
         5.5824
         5.8752
         5.8889
         6.1130
         7.0730
         6.0120
         5.2918
         5.4605
         5.8051
         6.2299
         5.3497
         6.0315
         6.1087
         6.5253
         6.0799
         6.2699
         6.2093
         5.6938
         5.1369
         5.8009
         5.8820
         6.6578
         5.9389
         4.8988
         4.6864
         5.2163
         5.6142
         5.0680
         4.9716
         4.8085
         5.4608
         6.1096
         4.8288
         5.4036
         5.7769
         6.4900
         5.7905
         5.2476
         5.0542
         5.5092
         5.1701
         5.5591
         5.7316
         4.9523
         5.1161
         5.4038
         6.9789
         6.6542
         7.1357
         5.7640
         6.2415
         6.0888
         6.0216
         5.9211
         4.9440
         4.5553
         5.1013
         5.5127
         4.9978
         3.0573
         4.5947
         4.6575
         5.3971
         5.7382
         5.4206
         5.3192
         6.1442
         5.5544
         5.4890
         5.2559
         5.7553
         5.7691
         5.8459
         6.1178
         4.1411
         4.6328
         5.4896
         6.6966
         6.1591
         7.4338
         7.2244
         6.2597
         5.9735
         6.7127
         6.1308
         5.5747
         5.8621
         4.9634
         5.2774
         4.2046
         4.5394
         3.5736
         4.2923
         4.5912
         4.9702
         4.4280
         5.1666
         5.5088
         5.7935
         5.6778
         5.8263
         5.4034
         5.0580
         5.3486
         4.5104
         4.4682
         5.1732
         5.6998
         5.5690
         6.9788
         7.4683
         7.6083
         6.7534
         7.2589
         7.4762
         6.8484
         5.7799
         5.4393
         5.0458
         5.1651
         4.5128
         3.8515
         4.4641
         3.6574
         4.4485
         4.0108
         4.9944
         4.3758
         4.9496
         6.2376
         5.4106
         5.1176
         5.9198
         5.0714
         5.3265
         5.1354
         5.1434
         5.0678
         5.9050
         5.8450
         6.1271
         6.1672
         7.0124
         7.7730
         8.2096
         7.3465
         7.3864
         5.3264
         4.9468
         5.3897
         4.0513
         3.7916
         4.0597
         3.6249
         4.5525
         3.9257
         3.4613
         4.3295
         4.3840
         4.5515
         5.7839
         6.3901
         5.8627
         5.9278
         4.1975
         4.6515
         5.0447
         5.1083
         5.0336
         5.4904
         4.9903
         4.6643
         6.3869
         7.1169
         8.2249
         9.2185
         7.8433
         6.9656
         6.3065
         5.5527
         5.4320
         5.4820
         4.8364
         3.8451
         4.2189
         4.7251
         4.3566
         4.6581
         3.3730
         3.2919
         4.3338
         5.2592
         6.2713
         5.7514
         5.5719
         4.8961
         4.2583
         4.4804
         4.2511
         4.9485
         5.3627
         5.1094
         6.4776
         6.7617
         7.6620
         8.1011
         8.2777
         8.0163
         7.1356
         5.8074
         5.5204
         4.3399
         5.9525
         5.7379
         4.7759
         4.3635
         4.7404
         5.3105
         5.0268
         4.6508
         4.3741
         4.5985
         5.1823
         6.3658
         5.8346
         5.7639
         4.7320
         3.8810
         4.9622
         4.5311
         5.6154
         5.6330
         5.7655
         5.9457
         6.3860
         7.1188
         6.8520
         7.8296
         8.5332
         6.4734
         6.9204
         6.3625
         5.2598
         4.9478
         5.4207
         5.0205
         6.0319
         5.4630
         5.0407
         6.0411
         5.1811
         5.0924
         4.6837
         5.5338
         5.9940
         5.4516
         4.4981
         3.8315
         4.2285
         4.5363
         4.3170
         5.0176
         6.1419
         6.6533
         5.9743
         6.4691
         6.1938
         6.1812
         6.7912
         4.8197
         6.4133
         5.7512
         5.0135
         5.4344
         5.7276
         5.2240
         5.8229
         6.2996
         5.5374
         5.1172
         5.9437
         5.9100
         5.3793
         5.3070
         5.4883
         6.3417
         6.0699
         4.9044
         3.9236
         4.4129
         3.9215
         3.8130
         5.0750
         4.0589
         6.2960
         6.6501
         6.6600
         6.5064
         6.3354
         3.6108
         3.9735
         4.6033
         5.2082
         5.8182
         4.9443
         5.2768
         4.7217
         5.8717
         6.2299
         6.3131
         6.8539
         6.7965
         5.6889
         4.8201
         4.9997
         5.8377
         5.9134
         5.4746
         4.5992
         5.0318
         4.1099
         3.4479
         3.9070
         4.5907
         5.0732
         5.7171
         6.7581
         6.7436
         6.4038
         4.3752
         3.2019
         4.1147
         5.0855
         5.8914
         5.4160
         5.2722
         4.7358
         5.1630
         5.4591
         6.2632
         7.3729
         7.3037
         6.1659
         6.1868
         5.4993
         5.9356
         5.4062
         4.8686
         5.2378
         5.3347
         4.4913
         4.2129
         4.5307
         3.7976
         4.1288
         4.7675
         5.1923
         6.8267
         6.8388
         4.4997
         4.1450
         3.4412
         4.4409
         3.8971
         4.4407
         5.0852
         4.4954
         4.4633
         3.9978
         3.6986
         5.2571
         6.5146
         6.9180
         6.6449
         6.5392
         6.1610
         5.8735
         5.2698
         4.8891
         5.0016
         5.0571
         5.7348
         4.2960
         4.6440
         4.3421
         4.9760
         4.3450
         4.9351
         5.9226
         4.3440
         3.5438
         3.3492
         3.8404
         3.7776
         3.2664
         4.3164
         3.5449
         3.0912
         2.6038
         2.3658
         3.1282
         4.3963
         6.1992
         6.8851
         6.8101
         6.8696
         7.3548
         6.1646
         5.6860
         5.0191
         5.1088
         4.6228
         4.5804
         4.5285
         4.7905
         5.8285
         4.9787
         5.1542
         5.5038
         5.1909
         4.4809
         3.4384
         2.8786
         3.5776
         4.2746
         3.1625
         3.5822
         3.3842
         3.3296
         2.2167
         2.2985
         3.0630
         4.3798
         5.6295
         6.7438
         6.7891
         6.8720
         7.6205
         7.1094
         5.5298
         4.9817
         6.0754
         5.1768
         4.0268
         4.6937
         5.4659
         5.3335
         5.3038
         5.7142
         4.1443
         3.2205
         3.7686
         3.6985
         3.3772
         2.9610
         3.2231
         3.6091
         2.7248
         2.3928
         1.6005
         1.8267
         2.1684
         3.4267
         4.3950
         5.8406
         5.9611
         6.3666
         7.0048
         6.5682
         7.0847
         6.0965
         5.5629
         5.8956
         5.1392
         4.5105
         4.7943
         4.8588
         5.3741
         5.0450
         8.9434
         6.3087
         7.6011
         6.2367
         5.8646
         4.9429
         4.4973
         5.1101
         5.0127
         4.8603
         4.5612
         6.4491
         7.4738
         4.0642
         4.2046
         4.5167
         4.8089
         5.1863
         3.8408
         4.4738
         4.7314
         6.0526
         6.1952
         5.7955
         6.2975
         8.5478
         8.3753
         7.7506
         6.7199
         6.4370
         9.5579
         7.0991
         6.8643
         7.5590
         5.2134
         4.9329
         4.6077
         4.5319
         4.8582
         4.5247
         4.4160
         6.0720
         6.9784
         5.5374
         4.4185
         5.1728
         5.2946
         4.6322
         4.2305
         4.4574
         5.3695
         5.4571
         5.2737
         5.7235
         6.4213
         7.9736
         8.5502
         7.7194
         7.5962
         6.9433
        10.1065
         8.1025
         6.7644
         7.0717
         6.3984
         6.3392
         4.8122
         4.8372
         3.8238
         3.5092
         4.5542
         4.6083
         7.3918
         6.2703
         4.7815
         5.9391
         6.0368
         5.0195
         3.5031
         3.6891
         4.6132
         5.6488
         5.3154
         5.7924
         6.3140
         7.2580
         7.6606
         7.6457
         8.7927
         7.2437
         9.7540
         8.8998
         7.7578
         7.4386
         6.5657
         6.1459
         5.6855
         5.1128
         4.0569
         3.9929
         4.7786
         5.0745
         5.5502
         6.5729
         5.4427
         6.1669
         6.7679
         5.8683
         4.4586
         2.8586
         3.3476
         4.8585
         5.4440
         5.7273
         5.8261
         5.8055
         6.2984
         8.6464
         8.9099
         8.3657
         7.9344
         9.6655
         8.5776
         8.1331
         7.3296
         5.7349
         5.4767
         4.9423
         4.8107
         4.2194
         4.6923
         4.8834
         5.0557
         6.1653
         5.8530
         6.1772
         5.9749
         5.6632
         5.2474
         3.5115
         2.8815
         2.8829
         5.1402
         4.5514
         5.1589
         5.4187
         6.0887
         7.7752
         9.3137
         8.2461
         8.4283
         8.6614
         7.8151
         6.5738
         5.9080
         4.4449
         4.3892
         4.8515
         5.4691
         5.0930
         5.2202
         5.9374
         6.0082
         5.5086
         6.6331
         6.8572
         7.0996
         6.1429
         6.7360
         3.9753
         2.9430
         3.0598
         3.7572
         4.1418
         4.0067
         5.1725
         5.9280
         7.4527
         8.3172
         8.0885
         8.2200
         7.6250
         7.4189
         6.6570
         6.9091
         4.3880
         4.4623
         4.5380
         4.8062
         4.7484
         4.3147
         4.8998
         5.7350
         5.8872
         5.9424
         6.3111
         6.4244
         7.0512
         5.9220
         5.6932
         3.4398
         3.8943
         3.4746
         3.7712
         3.5229
         4.8154
         5.0017
         6.9881
         7.6352
         7.5024
         8.0681
         8.4873
         7.2499
         6.7253
         5.9091
         4.1170
         3.8268
         4.3223
         4.4731
         4.4530
         4.0225
         5.2328
         5.2050
         5.7513
         6.6199
         6.6300
         7.0039
         6.6454
         6.5365
         4.5890
         3.6448
         2.9888
         3.5317
         4.1758
         3.4518
         3.8028
         5.2174
         4.8997
         7.3230
         6.1240
         7.2746
         8.3574
         8.0778
         6.8005
         5.8379
         4.8562
         4.3000
         3.8278
         3.5188
         3.9493
         4.2746
         4.7895
         4.9005
         5.8625
         7.1980
         6.5557
         6.6462
         7.2543
         6.3116
         5.4877
         4.5774
         3.1540
         1.9324
         3.1730
         3.5338
         3.7731
         3.3864
         4.7289
         6.2116
         6.9369
         5.9375
         7.5327
         6.7023
         5.8622
         6.4103
         5.6628
         4.6028
         3.2226
         3.2333
         4.7165
         3.8346
         4.3804
         5.5572
         5.7975
         7.6381
         7.0937
         6.7711
         8.1302
         7.1642
         5.9468
         4.9673
         4.3688
         2.7676
         2.5874
         2.8380
         3.7950
         3.4289
         3.6342
         4.8947
         4.8422
         5.2725
         6.1107
         5.9585
         6.5559
         6.0268
         6.1526
         4.9429
         4.1040
         3.3935
         4.0039
         4.5585
         4.7348
         3.9645
         5.4456
         7.2913
         6.8853
         6.8535
         6.8856
         7.4749
         6.2785
         5.8345
         4.8261
         3.1826
         2.6392
         2.9098
         1.7932
         2.7562
         2.4125
         3.9591
         3.8880
         5.5197
         5.3918
         5.6665
         5.9664
         5.8769
         5.7643
         5.1541
         4.8494
         3.4040
         3.8479
         4.5424
         4.2667
         3.4291
         4.4130
         4.5309
         6.7539
         6.8440
         6.7333
         7.6753
         6.9241
         6.8422
         5.3411
         4.7135
         3.8615
         4.1062
         1.9763
         1.7643
         2.4571
         2.7455
         3.4197
         6.2276
         5.3166
         5.0310
         4.6993
         5.2262
         5.2915
         5.1898
         4.5438
         4.8480
         3.6467
         3.9179
         4.4445
         3.4413
         3.3601
         4.7060
         5.8669
         6.7986
         6.8606
         8.1585
         7.9148
         6.9609
         6.1757
         4.1497
         3.4849
         4.3252
         3.1875
         2.4299
         1.9825
         2.7815
         2.9743
         5.3252
         6.1626
         4.5922
         4.3712
         4.6640
         5.8838
         5.1658
         4.6277
         3.9587
         3.6703
         4.0729
         3.2364
         3.1195
         2.7544
         4.0099
         5.4605
         5.7021
         6.2264
         7.3686
         7.9340
         7.5070
         5.9872
         4.2636
         4.1032
         5.3156
         4.0676
         2.1563
         1.1262
         2.1045
         2.5654
         4.4987
         5.8002
         3.8031
         4.3851
         3.9772
         5.6655
         5.7918
         5.3287
         4.1565
         2.9362
         2.8958
         3.7612
         3.3192
         2.2882
         2.5877
         3.9398
         4.7162
         5.2571
         6.2649
         8.1678
         8.3505
         5.9423
         5.6521
         4.3315
         4.9400
         5.4647
         3.5815
         1.4382
         1.9112
         2.4393
         4.3928
         4.5919
         4.1141
         4.0044
         3.5098
         4.6337
         5.6544
         5.3591
         5.2851
         4.7075
         3.9761
         3.0916
         3.2556
         2.0824
         2.2490
         3.4756
         4.8908
         3.9887
         5.3521
         6.5843
         8.1456
         7.0506
         5.9649
         5.4034
         5.2002
         6.0512
         5.1184
         3.7105
         2.5718
         2.5188
         3.3087
         5.4417
         4.7485
         4.0223
         3.9036
         4.0467
         4.0927
         5.2459
         5.0938
         4.2280
         4.3007
         2.5274
         3.5449
         2.9423
         2.0880
         3.3602
         4.1928
         4.4559
         4.3524
         6.3440
         7.6219
         7.8792
         6.1216
         5.2618
         4.9095
         5.9828
         6.1133
         4.4996
         3.6849
         2.7690
         4.2778
         4.7970
         4.9021
         3.8314
         3.7209
         4.0436
         4.3495
         4.6173
         4.4836
         5.1215
         3.7629
         2.5104
         2.9035
         3.1723
         2.0644
         3.1571
         3.7722
         4.8613
         4.4469
         4.3066
         5.8085
         7.0044
         7.1001
         5.6278
         6.0176
         5.5732
         5.7530
         6.3588
         3.9198
         3.8054
         4.5814
         4.3091
         4.4484
         3.5948
         4.6124
         3.9852
         4.1226
         5.0924
         4.7041
         4.8036
         4.3500
         2.9146
         2.8286
         2.0534
         1.5121
         1.9984
         4.3829
         4.8776
         4.1818
         3.9414
         4.3500
         5.8685
         7.8896
         6.4592
         6.5481
         5.8404
         6.3094
         6.9396
         5.2098
         3.0633
         4.7897
         4.8302
         4.3212
         3.9425
         3.5399
         4.6378
         4.6214
         3.8944
         4.4761
         5.5320
         5.0392
         3.5457
         2.6595
         2.8473
         2.2940
         2.1071
         3.3802
         4.8757
         5.1461
         3.8223
         4.4309
         5.4492
         6.3451
         7.9858
         6.2791
         5.6970
         6.5022
         6.0559
         5.8949
         4.2252
         5.0457
         5.1444
         5.2660
         3.9472
         3.2113
         3.7012
         5.1738
         4.2743
         4.1900
         5.4917
         5.1744
         4.8864
         3.6698
         2.9412
         2.1684
         1.7780
         2.9464
         3.7250
         4.6374
         4.4730
         4.5212
         4.2853
         5.6497
         6.7087
         6.6919
         5.3287
         6.2017
         6.2588
         5.3778
         6.0358
         4.8922
         4.6238
         5.0249
         4.3232
         3.9000
         3.6574
         4.0043
         4.5838
         2.9446
         4.5709
         5.0779
         5.0328
         4.7148
         3.2907
         3.0959
         1.9408
         2.5110
         3.1909
         4.0809
         3.9381
         4.4952
         3.9418
         4.5448
         5.3267
         7.2228
         6.1625
         5.5948
         5.3589
         4.9169
         5.5348
         5.4809
         6.0338
         5.1069
         4.4508
         4.4498
         3.6002
         3.7407
         4.9598
         3.9150
         3.9315
         5.3670
         4.7517
         5.0866
         4.0425
         3.6525
         2.6717
         1.9804
         2.0121
         2.3284
         2.5320
         4.0779
         3.9500
         4.8853
         5.0368
         5.9684
         4.6540
         5.0683
         5.6535
         5.4144
         5.6254
         6.5727
         5.9834
         5.7544
         5.9198
         3.7826
         3.5637
         3.0807
         3.7468
         4.1383
         4.5372
         4.5752
         4.9247
         4.6247
         4.6768
         3.0188
         3.5837
         2.9171
         2.6560
         3.1354
         2.0120
         2.9135
         4.0643
         4.2060
         5.3199
         5.8325
         5.8571
         4.6325
         5.0374
         5.4591
         5.7971
         6.1838
         5.1835
         6.0575
         6.2425
         4.6211
         3.1104
         3.9962
         3.8396
         3.8851
         4.9643
         4.5161
         5.0358
         4.8638
         4.7374
         4.5978
         3.9033
         2.2394
         3.5470
         3.0162
         2.3197
         2.5971
         4.0053
         3.3185
         4.5521
         5.1670
         6.1233
         4.1593
         4.7783
         4.8357
         6.1531
         5.8693
         5.6901
         5.7222
         6.5483
         6.6613
         4.1803
         3.7227
         2.9724
         3.3955
         4.1884
         4.5505
         3.9518
         4.6985
         4.2336
         4.1694
         3.0622
         3.4627
         2.8012
         3.8327
         2.6886
         1.7016
         2.9042
         2.8088
         3.6583
         5.0522
         6.1849
         5.8092
         3.9642
         4.9435
         5.7142
         5.7242
         5.8752
         5.4199
         7.0695
         6.8837
         6.0850
         4.1683
         3.6713
         3.0193
         3.7640
         4.5435
         4.3701
         5.4724
         4.5945
         3.6019
         3.0938
         3.1440
         2.9639
         3.4536
         3.3081
         2.2072
         2.1316
         1.9573
         3.2040
         3.1306
         3.9612
         5.1016
         4.7322
         4.8407
         5.5657
         5.1225
         6.2552
         5.8297
         6.4608
         7.0054
         6.6668
         5.6981
         3.4626
         3.2380
         2.8291
         4.0034
         4.7026
         3.9931
         4.8985
         4.6293
         4.2570
         3.8666
         2.3916
         2.9812
         3.7160
         2.6005
         2.7504
         3.2434
         2.8260
         3.2100
         3.2418
         4.3503
         4.1843
         3.6922
         5.4848
         4.9092
         5.2189
         6.5416
         6.3831
         5.9998
         6.8946
         6.1173
         5.2411
         3.0796
         3.4109
         3.5123
         4.5284
         4.5345
         3.9318
         5.1066
         4.6538
         3.1050
         2.5728
         2.8421
         3.9366
         3.6874
         3.2289
         3.1609
         2.3889
         3.0181
         3.8988
         3.1377
         4.1650
         4.1812
         5.5124
         3.8219
         6.1412
         5.5203
         6.1161
         6.2294
         6.6357
         5.9460
         6.4568
         4.2979
         2.4642
         3.3239
         3.7609
         4.0804
         3.6368
         5.0399
         5.9852
         4.2064
         3.3189
         3.0939
         3.1822
         4.1499
         2.8804
         3.4271
         2.2190
         2.9955
         2.8584
         2.8449
         3.0725
         4.6070
         4.4641
         1.9125
         1.6402
         2.4137
         2.2707
         2.8196
         2.4646
         2.5097
         2.4833
         3.1482
         3.4189
         3.0184
         3.8876
         4.4828
         4.5417
         4.1411
         3.9461
         3.7054
         3.4877
         3.8401
         3.6323
         3.2362
         3.1740
         3.6444
         3.3012
         3.3183
         3.3497
         3.4990
         2.6906
         3.0907
         4.3647
         2.5215
         1.8701
         2.3858
         1.7999
         2.1029
         2.6247
         1.8682
         2.2376
         3.4853
         3.3801
         3.5475
         3.8805
         4.7813
         4.8101
         4.7850
         4.4838
         4.3615
         3.9504
         2.9988
         3.3040
         2.8480
         2.8864
         3.5764
         4.1232
         3.4515
         4.5073
         3.8006
         3.3804
         3.3830
         4.9858
         2.0819
         1.5301
         1.8992
         1.8919
         1.9828
         2.4913
         2.9149
         4.1767
         3.5416
         3.8768
         3.6516
         4.5608
         3.9539
         5.0031
         4.7578
         3.9896
         3.6607
         3.2634
         3.0007
         2.4861
         3.0054
         3.3982
         3.5466
         4.1949
         3.7688
         4.3692
         3.6965
         3.8801
         5.1121
         4.1568
         1.2747
         1.9319
         2.0206
         2.4478
         2.7440
         2.4764
         3.4950
         4.1057
         3.5713
         3.8143
         4.7197
         4.0379
         4.4451
         5.2544
         4.7654
         3.0724
         3.2132
         3.1998
         2.5669
         2.2960
         3.0274
         3.0358
         3.0473
         3.7507
         3.4200
         3.2061
         3.3801
         3.5401
         4.7068
         4.2735
         2.1713
         2.2131
         1.9571
         2.4081
         2.0771
         3.0166
         3.7558
         4.3813
         4.2115
         4.0019
         4.9569
         3.7443
         4.4155
         3.5153
         3.6545
         2.9952
         3.1164
         2.4043
         2.4807
         3.2846
         3.3254
         2.0646
         3.3854
         3.1288
         4.0479
         2.4796
         3.3017
         3.5528
         3.6405
         3.9891
         2.2661
         2.1049
         3.2007
         2.8432
         3.6554
         3.5779
         4.7607
         4.8525
         4.5427
         4.5301
         3.7196
         3.8980
         3.4971
         3.9297
         3.3151
         2.9880
         2.5990
         1.9421
         3.1236
         3.2900
         2.3883
         2.0837
         3.8622
         4.0999
         3.2767
         2.5134
         3.2414
         3.7960
         4.5915
         5.0524
         2.6283
         2.9914
         3.6140
         4.3244
         4.2750
         4.7020
         5.4311
         5.2470
         5.4293
         4.5036
         4.6004
         3.7438
         3.6056
         3.0726
         2.8663
         3.1855
         2.5264
         1.8917
         3.6512
         3.8122
         2.4247
         2.9715
         4.1967
         3.4192
         3.1714
         2.9453
         3.7521
         4.6841
         4.8190
         4.4956
         2.9596
         2.9877
         4.1631
         5.4519
         5.1951
         4.9098
         5.5588
         6.4299
         5.2853
         4.8836
         4.0001
         2.9769
         2.7002
         2.4159
         3.3786
         2.7375
         2.1511
         3.0533
         3.2700
         3.8162
         2.7340
         3.4535
         2.7198
         3.3753
         3.0281
         3.9327
         4.4402
         4.1058
         4.2865
         2.9497
         3.5666
         4.1277
         4.9374
         5.3387
         5.2475
         5.5064
         6.2228
         6.0361
         4.9556
         4.0628
         3.6101
         2.9069
         2.2740
         2.5516
         3.1142
         1.8941
         2.4940
         3.3160
         4.1273
         2.7687
         3.2654
         3.7402
         3.0261
         3.1761
         3.4806
         3.8281
         4.1566
         4.7213
         3.9984
         3.9704
         4.6688
         4.8558
         5.1709
         5.0919
         5.5029
         4.9925
         5.9358
         5.5315
         5.3471
         4.0721
         3.2456
         3.1905
         2.5799
         3.3765
         2.5620
         2.5326
         2.5222
         3.9785
         4.0882
         3.9887
         3.9856
         3.4582
         3.7313
         4.3583
         3.8978
         3.8125
         3.7989
         4.4440
         3.8846
         4.9306
         4.7305
         4.8662
         4.5235
         5.1924
         6.0071
         5.9636
         6.3880
         5.7543
         3.8158
         3.2870
         2.9113
         2.8195
         2.7732
         3.0476
         3.5292
         2.0170
         2.1139
         3.5092
         3.2130
         3.8112
         3.1032
         3.8758
         4.5521
         4.5210
         3.9873
         3.8052
         4.6253
         4.5118
         4.8796
         5.2927
         5.2454
         5.3580
         4.8262
         5.3262
         5.1481
         6.1678
         6.7463
         4.3294
         3.8246
         3.7715
         3.3099
         2.9229
         3.0859
         2.4161
         2.8171
         2.1953
         3.1055
         3.2670
         4.1000
         3.0902
         3.8915
         3.4624
         4.8681
         4.0547
         3.9012
         4.8393
         5.0767
         5.2564
         5.9228
         6.1198
         4.8249
         6.0767
         5.2710
         5.9529
         6.1526
         5.8119
         5.7807
         3.6909
         4.2177
         3.5417
         3.4768
         3.4734
         3.0781
         2.7071
         2.4638
         2.7614
         3.2215
         3.1996
         4.2536
         3.7960
         3.9207
         4.5649
         4.2720
         4.0203
         4.6376
         4.6066
         5.1994
         5.3145
         5.4739
         5.5171
         5.7230
         5.3228
         6.0347
         5.8118
         5.5848
         5.1892
         5.1049
         4.5369
         4.3498
         4.2211
         4.2320
         3.8982
         2.6670
         3.4797
         2.3656
         3.0429
         2.8465
         3.6316
         4.2806
         4.4728
         4.1266
         4.3488
         4.9851
         4.5647
         4.5603
         4.7429
         4.2764
         5.3806
         5.6191
         5.5341
         4.9289
         5.5540
         5.4781
         6.2811
         5.1203
         5.8568
         4.1834
         4.7997
         3.5643
         4.4730
         4.5824
         3.5073
         3.3090
         2.6749
         2.3837
         3.4798
         3.7679
         3.2742
         3.2877
         4.1378
         4.3209
         4.8785
         4.0838
         4.5125
         4.4470
         4.2287
         5.0432
         5.3189
         5.6651
         5.3067
         4.8596
         5.3122
         5.7022
         5.7070
         5.2854
         4.7753
         5.1105
         4.7590
         4.1988
         4.4592
         3.4166
         3.6755
         3.6436
         2.2148
         3.5728
         3.5007
         3.0963
         2.4097
         3.9233
         4.0914
         3.9025
         3.9360
         3.9986
         4.0778
         3.9416
         4.5380
         5.6834
         5.6759
         4.9522
         5.1968
         5.1896
         4.9726
         6.1951
         5.7197
         5.3568
         5.6707
         5.9752
         4.9265
         5.0697
         3.1619
         3.5537
         3.6312
         3.9532
         3.0799
         4.0772
         2.7121
         1.9501
         3.1228
         3.3002
         3.8655
         4.3529
         4.4134
         4.2908
         3.3962
         4.1083
         4.4660
         4.5844
         4.5256
         4.7207
         5.5914
         5.1754
         4.6867
         5.9214
         6.3721
         6.3726
         6.3340
         5.9102
         4.2422
         3.9613
         4.0470
         3.4626
         3.6008
         3.3423
         3.8525
         3.4111
         2.2553
         2.7012
         3.0397
         4.1230
         5.1606
         5.1164
         5.1284
         3.7465
         3.6431
         4.8991
         4.8699
         5.0822
         4.4854
         5.0375
         5.0446
         4.5820
         5.5975
         5.4084
         6.1273
         6.4768
         4.9061
         5.5389
         4.8701
         4.5819
         3.3449
         3.6073
         3.1897
         3.0945
         2.8225
         1.9352
         1.7764
         2.4734
         3.4104
         3.5030
         4.6614
         4.8850
         4.7259
         3.7956
         4.4870
         5.0171
         5.2988
         5.3501
         5.3111
         4.8374
         4.8666
         4.7217
         5.6980
         5.4005
         5.4733
         5.5092
         5.0372
         4.8900
         5.3736
         4.5630
         3.5632
         3.2189
         2.9342
         2.5091
         2.4299
         0.9629
         1.2917
         2.6955
         3.1124
         3.7902
         4.5413
         4.8680
         4.3345
         4.1908
         4.8196
         4.9358
         5.0044
         5.0787
         4.6671
         4.4592
         4.8288
         5.1048
         5.4956
         4.3996
         5.6708
         5.3962
         4.9755
         5.0339
         3.1551
         4.3291
         3.2246
         3.0452
         2.7578
         2.0123
         2.2830
         1.5097
         1.8087
         2.9950
         2.7904
         3.5172
         4.0398
         3.7265
         4.2571
         3.4150
         4.7251
         4.6760
         4.3709
         4.6301
         4.3747
         4.0861
         4.3417
         4.7937
         4.4593
         4.0296
         4.6951
         4.7063
         4.5735
         4.6274
         3.0117
         3.1098
         2.7842
         2.1754
         2.3394
         1.9775
         2.1243
         1.6756
         2.2137
         2.2892
         2.4341
         2.4328
         3.1186
         4.5075
         4.4069
         3.9407
         5.0939
         4.8572
         4.0143
         4.4850
         4.5184
         4.7527
         5.5610
         5.3457
         3.8685
         4.0519
         4.4743
         4.5786
         4.6270
         4.5555
         3.4513
         2.6677
         2.8005
         1.6153
         1.4537
         2.3148
         1.7802
         1.6192
         1.2675
         2.2656
         2.5777
         2.5158
         3.7708
         4.0631
         3.9680
         4.4563
         4.2744
         4.3060
         3.8442
         5.4953
         4.9688
         5.3455
         5.5273
         3.6010
         3.4938
         4.6776
         4.3119
         4.8897
         4.7062
         4.5393
         3.0638
         3.1231
         2.1429
         2.6718
         2.2535
         1.6639
         0.9849
         1.5905
         1.4301
         2.5105
         2.9252
         3.4298
         4.6558
         4.2381
         4.2216
         5.0461
         3.7092
         3.4609
         5.1034
         5.8827
         5.9514
         6.0806
         5.9266
         3.3683
         3.9569
         4.7832
         4.8769
         5.5768
         4.6805
         4.1835
         3.6760
         2.7573
         2.6272
         2.5243
         1.9055
         2.0869
         1.5166
         1.8474
         2.4803
         3.0412
         3.7513
         4.4222
         4.5641
         3.8867
         4.9384
         4.9763
         4.6166
         4.9906
         4.6488
         5.9814
         6.3719
         6.0904
         5.9965
         3.0218
         3.9811
         4.6229
         5.1933
         5.7507
         3.9449
         3.7935
         3.0694
         1.8822
         3.1983
         2.4379
         2.4219
         1.5721
         2.0002
         2.1489
         3.1100
         3.5304
         3.5102
         4.9715
         4.6444
         4.1405
         4.8108
         4.4598
         4.5965
         5.1547
         5.0318
         6.5382
         6.9383
         6.7062
         6.6028
         3.6134
         4.0995
         4.8781
         4.7095
         4.0805
         3.8489
         4.2800
         3.1367
         2.8522
         3.0061
         2.4201
         2.0747
         1.1235
         1.9123
         2.8819
         2.6506
         4.0013
         4.1565
         4.6322
         4.4521
         4.5602
         4.5488
         4.2103
         5.0885
         4.8135
         6.3429
         7.0565
         6.7052
         5.9859
         6.6316
         4.1991
         5.1807
         5.7184
         4.8203
         4.1068
         3.6138
         3.7479
         3.2288
         2.6658
         2.6684
         1.3040
         1.5025
         1.6681
         1.4682
         2.4648
         3.4486
         4.0616
         4.1674
         4.5867
         4.2241
         4.8480
         3.6701
         4.7757
         5.3637
         5.6682
         6.9061
         7.0573
         7.3288
         6.4687
         6.6203
         5.6833
         5.9542
         5.4138
         3.6977
         4.0912
         3.1933
         3.4496
         3.4970
         2.8755
         2.7944
         1.8154
         2.0214
         1.9546
         2.6681
         3.1710
         4.3679
         5.0702
         4.7592
         4.4325
         4.8635
         3.9705
         4.1202
         5.7734
         5.3127
         6.1116
         6.5058
         7.2004
         6.8311
         6.1871
         7.2776
         5.6877
         5.4434
         4.2424
         3.8897
         3.5359
         3.3442
         4.1502
         4.1981
         2.6276
         2.7132
         1.9921
         2.1538
         2.9788
         3.2415
         3.5157
         4.8197
         4.8933
         4.3983
         4.9040
         4.5834
         4.0836
         5.1113
         4.9455
         5.1998
         6.9558
         7.2763
         6.8922
         6.2587
         6.4179
         7.1017
